# AC.mat is the actucal data of New York City in terms of daily confirmed,hospitalized and dead number (7 day moving average)
# AC.mat is ranged from March 6 to August 31
# this file is corresponding to Figure 3 in the paper

# Created by Octave 5.2.0, Thu Feb 25 21:19:54 2021 CET <dcagigas@us.es>
# name: AC
# type: matrix
# rows: 179
# columns: 3
 3 17 0
 4 17 0
 7 19 0
 15 23 0
 25 29 0
 46 39 0
 97 49 0
 184 69 0
 275 89 0
 420 114 1
 715 152 2
 1055 194 3
 1458 249 6
 1937 315 10
 2421 388 16
 2706 465 22
 2926 542 29
 3133 644 39
 3427 758 52
 3696 877 66
 3889 1005 90
 4049 1109 114
 4168 1204 147
 4309 1301 182
 4675 1399 217
 4813 1476 258
 4899 1518 304
 5001 1541 348
 5079 1571 388
 5135 1568 422
 5168 1557 463
 5203 1558 499
 5287 1545 530
 5305 1537 547
 5205 1509 556
 5040 1472 562
 5020 1436 566
 4891 1389 565
 4454 1316 565
 4180 1242 552
 3936 1163 536
 3715 1085 515
 3582 1023 493
 3359 961 471
 3282 903 446
 3350 834 417
 3196 773 390
 3136 718 370
 3038 668 358
 2889 618 348
 2806 580 330
 2614 549 308
 2401 509 295
 2353 478 281
 2193 451 271
 2076 424 256
 1983 396 240
 1907 376 230
 1875 359 220
 1769 340 204
 1595 317 193
 1461 296 180
 1348 284 169
 1232 270 157
 1175 259 144
 1128 245 134
 1083 236 126
 1050 225 117
 1041 221 107
 1023 215 97
 994 212 91
 970 209 88
 955 204 85
 908 195 78
 868 194 73
 830 185 73
 825 179 69
 851 173 66
 848 169 63
 865 168 59
 804 163 58
 811 156 55
 764 154 51
 702 149 50
 642 146 46
 626 140 46
 588 136 44
 616 134 42
 548 129 42
 514 123 41
 496 116 41
 462 101 38
 447 93 36
 445 87 34
 413 78 35
 391 68 34
 370 58 32
 348 51 30
 349 50 30
 342 47 27
 340 46 27
 330 45 24
 330 44 22
 329 44 20
 332 44 20
 325 41 19
 327 41 19
 326 40 20
 329 39 21
 323 38 22
 327 37 23
 316 37 23
 309 36 23
 309 38 24
 313 37 22
 318 37 22
 328 36 22
 330 35 20
 346 34 21
 334 32 21
 322 30 20
 315 29 20
 314 30 19
 317 30 17
 322 31 18
 319 32 16
 330 34 14
 350 35 14
 360 34 13
 366 35 13
 357 34 13
 357 33 12
 360 31 12
 375 33 12
 370 33 12
 363 35 12
 351 33 11
 342 31 11
 327 32 10
 310 32 10
 294 30 9
 285 31 9
 280 29 9
 269 30 8
 265 32 8
 259 31 8
 254 30 7
 248 29 7
 253 28 7
 252 30 6
 257 28 6
 240 27 5
 243 28 5
 245 28 5
 245 27 5
 241 26 5
 240 26 5
 233 25 6
 242 23 6
 243 23 5
 240 23 4
 242 25 4
 241 25 4
 242 25 5
 246 24 5
 249 27 4
 242 27 4
 235 26 5
 230 26 5
 228 26 4
 228 26 4
 223 25 4
 223 25 4
 227 24 5
 228 23 4
 217 21 4
 207 20 3
 195 18 3
 155 14 2


