# Created by Octave 6.4.0, Wed Jun 19 13:50:26 2024 CEST <dcagigas@us.es>
# name: W
# type: matrix
# rows: 199
# columns: 7
 0 0 0 275 37 0 312
 0 0 0 314 85 0 399
 0 0 0 360 147 0 507
 0 0 0 413 233 0 646
 0 0 0 473 334 0 807
 0 0 0 569 460 0 1029
 0 0 0 671 599 0 1270
 0 0 0 817 801 0 1618
 0 0 0 970 1050 0 2020
 20 0 0 1161 1337 0 2498
 7 0 0 1381 1709 0 3090
 11 0 0 1683 2178 0 3861
 8 3 0 2042 2707 9 4749
 9 1 0 2469 3341 12 5810
 10 1 0 3008 4136 14 7144
 18 3 1 3643 5045 23 8688
 28 2 0 4377 6174 30 10551
 26 2 1 5321 7561 39 12882
 45 3 1 6425 9144 55 15569
 42 6 1 7758 11073 78 18831
 50 5 0 9310 13328 100 22638
 84 8 2 11108 16032 140 27140
 80 7 2 13152 19133 183 32285
 134 12 2 15594 22688 236 38282
 115 14 2 18295 26744 313 45039
 195 19 2 21379 31399 402 52778
 221 28 4 24796 36515 545 61311
 288 26 5 28565 42262 685 70827
 364 38 5 32635 48766 903 81401
 457 46 8 37308 55841 1170 93149
 539 63 12 42204 63492 1536 105696
 722 70 9 47295 71821 1975 119116
 848 92 13 52721 80737 2553 133458
 993 117 13 58413 90131 3286 148544
 1165 149 19 64461 100155 4239 164616
 1337 179 28 70662 110460 5397 181122
 1648 220 33 76754 120994 6840 197748
 1943 269 33 82879 131805 8549 214684
 2237 301 45 88784 142511 10700 231295
 2443 369 62 92099 149249 13327 241348
 2733 439 70 94674 155005 16479 249679
 2999 546 84 96165 159142 20279 255307
 3416 598 100 96922 162352 24546 259274
 3639 694 118 97044 164768 29385 261812
 4028 774 144 96920 167093 34906 264013
 4258 853 173 98374 171628 41010 270002
 4494 950 195 97681 172850 47830 270531
 4518 1071 215 96487 173245 55250 269732
 4629 1182 243 95358 173220 63396 268578
 4736 1193 274 93869 172691 71829 266560
 4854 1280 315 92117 171506 80934 263623
 4722 1322 359 90249 169887 90405 260136
 4609 1402 402 88464 167787 100542 256251
 4570 1471 415 87070 166315 110652 253385
 4868 1448 440 84827 163994 120779 248821
 4669 1466 456 82005 160628 130878 242633
 4472 1459 465 78953 156423 141290 235376
 4512 1442 486 76772 153416 151678 230188
 4356 1451 538 73996 149376 162084 223372
 4230 1443 548 69766 143156 172359 212922
 4195 1453 518 65962 137591 182619 203553
 3911 1388 544 62540 132204 192721 194744
 3792 1428 554 59267 126944 202878 186211
 3642 1366 552 56722 122647 212718 179369
 3446 1321 547 53632 117430 222223 171062
 3379 1262 568 51638 113945 231505 165583
 3235 1202 543 50893 112167 240432 163060
 3135 1202 516 48465 107986 249196 156451
 2951 1128 518 46863 104907 257548 151770
 2846 1113 478 45042 101511 265659 146553
 2754 590 419 42873 97505 274071 140378
 2610 575 425 41283 94392 282171 135675
 2555 568 392 38874 90172 289991 129046
 2401 516 339 36473 85841 297352 122314
 2272 527 299 35287 83345 304500 118632
 2252 498 261 33185 79595 311256 112780
 2038 472 250 31560 76384 317726 107944
 2019 447 205 30113 73578 323806 103691
 1875 437 200 28858 70918 329888 99776
 1764 395 195 28162 68892 335554 97054
 1710 393 181 26772 65909 341083 92681
 1660 368 164 25112 62837 346175 87949
 1475 363 162 23637 59808 351180 83445
 1512 337 151 22125 56964 355858 79089
 1318 328 145 20807 54222 360378 75029
 1283 303 140 19911 52183 364655 72094
 1255 292 126 19090 50218 368805 69308
 1182 270 127 18336 48315 372808 66651
 1172 269 122 17707 46748 376562 64455
 1114 236 119 17404 45600 380144 63004
 1042 241 108 16997 44426 383671 61423
 969 230 103 16594 42981 387125 59575
 948 208 89 16172 41655 390363 57827
 924 212 83 15868 40576 393460 56444
 918 195 85 15245 39140 396384 54385
 842 191 85 14728 37775 399239 52503
 806 179 85 14224 36417 402014 50641
 814 174 69 14127 35615 404725 49742
 827 172 73 14321 35469 407296 49790
 801 162 72 14213 34816 409805 49029
 780 155 67 14391 34461 412318 48852
 750 151 61 13678 32995 414650 46673
 715 140 68 13780 32557 416971 46337
 731 146 57 13202 31348 419153 44550
 712 142 58 12490 29913 421341 42403
 741 139 49 11749 28530 423458 40279
 660 138 52 11491 27787 425517 39278
 628 138 54 10988 26688 427545 37676
 636 134 48 11337 26764 429490 38101
 637 130 47 10700 25535 431414 36235
 594 113 46 10221 24554 433142 34775
 596 121 49 9892 23865 434899 33757
 531 114 43 9413 22891 436574 32304
 508 110 43 9224 22265 438229 31489
 505 106 42 9181 21941 439826 31122
 519 105 45 8680 21033 441339 29713
 485 101 40 8331 20260 442802 28591
 461 98 39 8012 19541 444268 27553
 434 95 42 7661 18804 445659 26465
 441 98 31 7662 18563 447070 26225
 451 59 39 7506 18175 448381 25681
 373 58 41 7514 17904 449679 25418
 403 55 38 7372 17462 450938 24834
 374 58 37 7369 17242 452216 24611
 385 50 34 7371 17063 453352 24434
 391 48 31 7417 16962 454492 24379
 387 50 32 7324 16609 455665 23933
 363 47 19 7365 16489 456762 23854
 391 48 25 7364 16346 457836 23710
 367 51 26 7421 16274 458906 23695
 380 43 18 7337 16035 459925 23372
 354 49 21 7450 15973 460993 23423
 404 44 23 7252 15601 462009 22853
 337 49 21 7177 15296 463049 22473
 377 46 19 7182 15182 464055 22364
 360 45 17 7267 15150 465031 22417
 337 44 22 7352 15210 465970 22562
 381 42 20 7502 15330 466930 22832
 419 43 21 7503 15250 467918 22753
 392 41 27 7740 15487 468880 23227
 380 48 21 7561 15167 469877 22728
 387 42 21 7372 14879 470784 22251
 362 44 18 7264 14649 471737 21913
 359 44 17 7241 14549 472673 21790
 395 43 17 7246 14547 473614 21793
 369 44 18 7317 14573 474532 21890
 385 46 21 7247 14440 475483 21687
 385 49 16 7340 14486 476491 21826
 401 44 21 7555 14762 477441 22317
 422 44 18 7611 14786 478445 22397
 354 46 16 7637 14803 479388 22440
 416 48 17 7441 14527 480365 21968
 379 46 21 7371 14418 481334 21789
 383 44 24 7329 14322 482321 21651
 387 49 22 7506 14407 483337 21913
 373 47 17 7390 14162 484322 21552
 396 50 21 7227 13916 485305 21143
 383 44 25 7016 13580 486263 20596
 412 46 19 6797 13331 487158 20128
 372 48 18 6548 12869 488177 19417
 339 46 18 6290 12450 489113 18740
 384 49 21 5994 11989 490083 17983
 343 50 21 5800 11670 491017 17470
 351 45 23 5645 11449 491898 17094
 356 46 17 5418 11051 492826 16469
 308 45 26 5325 10800 493703 16125
 305 43 14 5180 10470 494576 15650
 329 40 23 5018 10255 495380 15273
 313 42 18 4874 9986 496208 14860
 320 39 16 4845 9907 496995 14752
 262 37 8 4777 9682 497830 14459
 287 34 7 4737 9619 498594 14356
 297 36 6 4468 9182 499389 13650
 236 34 4 4484 9078 500136 13562
 286 31 8 4394 8943 500856 13337
 251 31 5 4311 8808 501529 13119
 272 31 8 4165 8588 502215 12753
 284 33 5 4043 8434 502910 12477
 246 28 6 3890 8166 503581 12056
 240 29 6 3870 8078 504280 11948
 233 31 6 3781 7918 504949 11699
 212 31 5 3702 7732 505601 11434
 224 29 6 3666 7596 506241 11262
 239 27 6 3554 7446 506842 11000
 235 25 6 3482 7259 507494 10741
 234 27 7 3414 7160 508096 10574
 218 25 5 3346 7049 508699 10395
 210 25 5 3227 6811 509296 10038
 213 27 5 3090 6602 509894 9692
 219 26 3 2970 6344 510498 9314
 211 22 4 2855 6208 511001 9063
 168 25 5 2813 6048 511557 8861
 189 23 3 2703 5841 512081 8544
 158 22 5 2659 5698 512569 8357
 164 21 4 2627 5575 513061 8202
 177 24 3 2556 5449 513551 8005
 156 21 4 2439 5213 514006 7652
 155 20 4 2316 4945 514509 7261
 169 21 4 2168 4700 514968 6868


